0
033984015777
03582910081975
0382903202119
0382903202126
0607469947855
0735745838600
0735745838624
0735745838631
0762765354186
0762765354667
0762765354834
0790072657461
08700216722698
1210001218888
1210001218895
1210001218918
1210001220539
1210001220560
2349810002667
2349810003138
2349810004333
2349810009895
3282770145373
3282770149524
3282770397680
3282770399226
3282770399479
3282770400786
3282771000534
3282779026819
3282779429306
3282779446884
3282779447652
3282779447690
3323037604759
3331300003697
3331300003727
3331300003758
3337871322571
3337875894104
3337875902830
3337875902847
3337875903189
3337875903493
3337875908368
3337875914857
3337875915885
3337875915915
3337875916998
3337875918534
3337875920582
3337875920667
3337875920698
3337875920728
3337875920742
3337875921947
3337875922029
3337875922043
3337875922852
3337875924887
3337875930048
3337875930239
3337875930338
3337875930581
3337875930611
3337875932080
3337875932264
3337875932301
3337875932349
3337875934169
3337875940139
3337875940214
3337875940252
3337875940399
3337875940412
3337875941150
3337875941433
3337875943932
3337875943963
3337875944960
3337875945110
3337875945622
3337875945660
3337875945769
3337875945790
3337875945820
3337875945851
3337875947541
333787595705
3337875957052
3522930004622
3522930005001
3522930005025
3522930005087
3522930005124
3522930005179
3522930005186
3522930005193
3522930005209
3522930005216
3522930005223
3522930005230
3522930005247
3522930005278
3522930005339
3522930005346
3522930005353
3522930005360
3522930005377
3522930005384
3522930005407
3522930005414
3522930005780
3522930005797
3522930005926
3522931005017
3522931033881
3522932128326
3540550015378
3540550016467
3540550017396
3540550017495
3540550018263
3540550018317
3540550019598
3564300034952
3564300035089
3574660234480
3574660277449
3574661185217
3574661360843
3574661360850
3574661476902
3574661801018
3594450330055
3661075268848
3661075274900
3661075296018
3661075298821
3661075301224
3661075301255
3661075301347
3661075304409
3661075313227
3661075313555
3661075313678
3661075314279
3661075330590
3661075345228
3661075345242
3661075347215
3661075355456
3661075355647
3661075357344
3661075357375
3661075366483
3661075372668
3661075373337
3661075373634
3661075376079
3661075376130
3661075376673
3661075376734
3661075385972
3661434005510
3661434009662
3661434011900
3661434023439
3663555001440
3663555002744
3665585001582
3701129813638
3701129813645
3701129813652
3701129814307
3701129814420
3701129820674
3701436927325
3701436928087
3701436929510
3701436929527
3701436930660
3701436930677
3701436930684
3701436930691
3701436930707
3701436930790
3701436932909
3701436932923
3701436933319
3701436933340
3701436933500
3701436933517
3701436933524
3701436933531
3701436934774
3701436934798
3701436934835
3701436934903
3701436934958
3701436935016
3701436935115
3701436937010
3701436937027
3701436937034
3701436937041
3701436937560
3701436937577
3701436937782
3701436937973
3701436938925
3701436938932
3701436938949
3701436938956
370143693897
3701436938970
3701436938987
3701436939045
3701436939687
3800224890015
3800224890237
3800224890763
3800224890978
3800224891616
3800224891630
3800224891654
382903202133
382903207336
4005800055805
4005800100321
4005800262531
4005800319419
4005800342363
4005800368479
4005800376184
4005808650712
4008600082521
4008600181088
4008600181316
4008600202912
4008600207542
4008600211143
4008600229285
4008600367871
4008600378808
4008600378846
4008600387299
4008600389408
4008600405399
4008600418689
4008600420712
4008600432845
4008600434337
4008600434368
4008600436416
4008600441649
4008600443827
4010160011644
4015400219507
4015400759119
4015400759140
4015400759263
4032651168088
4053800411053
4062300261532
4063528082718
4063528082770
4063528082800
4063528105721
4063528105745
4063528105769
4064035096410
4065331000743
4065331001603
4099702000032
4099702000148
4099702000162
4099702000896
4099702003880
4099702003903
4099702003927
4210201213055
4260307472801
4260307475956
4260307478155
4260703130039
4550516474568
4550516474582
4550516474636
4550516485830
4589546891502
4719003000028
4719003070243
4743318103976
4743318104287
4743318104294
4743318104300
4743318104904
4743318104911
4743318104942
4743318104959
4743318104966
4743318105062
4743318105079
4743318105086
4743318105093
4743318105109
4743318105116
4743318105123
4743318105130
4743318105147
4743318105154
4743318105239
4743318105246
4743318105253
4743318106045
4743318106052
4743318106199
4743318106205
4743318106236
4743318106267
4743318107134
4743318107141
4743318107158
4743318107165
4743318143279
4743318144030
4743318144047
4743318144054
4743318144061
4743318144245
4743318144252
4743318144290
4743318144436
4743318144627
4743318144757
4743318144764
4743318144931
4743318144948
4743318144955
4743318145051
4743318145068
4743318145082
4743318145099
4743318145105
4743318145112
4743318145129
4743318145136
4743318145143
4743318145150
4743318145167
4743318145280
4743318145297
4743318145303
4744183011052
4901872837144
4903335696855
4968420701135
4992440034713
5000488105285
5000488109863
5010724528938
5011025086530
5012654143021
5027314505675
5052197023411
5054563187413
5054563231819
5054563236722
5054563242877
5054563262370
5054563267979
5055148414733
5055148414740
5055148414979
5055148415051
5055148415334
5056243501083
5056585802602
5056585803111
5056585803562
5056585803760
5056585803777
5056585804019
5056585804026
5056585804255
5056585806846
5056585806891
5060599184357
5060599184494
5060599184517
5060599189697
5060599189796
5060599189826
5060630044343
5060895835335
5060895835380
5060895835427
5060895836721
5060895836738
5060895837056
5060895837148
5060895838756
5060895838763
5060895838770
5060895838787
5060895838794
5060895838817
5060895838855
5060895838879
5060895838961
5060895838985
5060895838992
5060895839005
5060895839029
5060895839036
5060895839067
5060895839081
5060895839098
5060895839128
5060895839135
5060895839142
5060895839159
5060895839166
5060895839173
5060895839180
5060895839319
5060926680736
5060926686714
5060926686752
5060926686790
5061038770018
5061038770025
5061038770056
5061038770070
5061038770087
5061038770193
5061038770209
5061038770216
5061038770230
5061038770247
5061038770254
5061038770261
5061038770278
5061038770285
5061038770292
5061038770308
5061038770315
5061038770421
5061038770438
5061038770445
5061038770452
5061038770469
5061038770476
5061038770483
5061038770490
5061038770506
5061038770513
5061038770520
5061038770537
5061038770551
5061038770568
5061038770629
5061038770636
5061038770643
5061038770650
5061038770667
5061038770674
5061038770728
5061038770742
5061038770834
5061038770841
5061038770858
5061038770896
5061038770902
5061038770919
5061038770926
5061038771251
5061038771268
5061038771275
5061038771282
5061038772838
5061038772852
5061038772869
5061038772876
5061038772883
5061038772913
5061038772920
5061038772937
5061038772944
5061038772951
5061038772968
5061038772975
5061038773088
5061038773095
5061038773101
5061038773118
5061038773125
5061038773132
5061038773149
5061038773156
5061038773163
5061038773170
5061038773187
5061038773194
5061038773248
5061038773255
5061038773262
5061038773279
5061038773286
5061038773293
5061038773439
5061038773446
5061038773453
5061038773460
5061038773477
5061038773484
5061038773491
5061038773507
5061038773521
5061038773538
5061038773545
5061038773552
5061038773576
5061038773583
5061038773590
5061038773613
5061038773637
5061038773644
5061038773651
5061038773668
5061038773675
5061038773767
5061038773781
5061038773798
5061038773804
5061038773828
5061038773842
5061038773859
5061038773866
5061038773873
5061038773880
5061038774153
5061038774474
5061038774481
5061038774498
5061038774504
5061038774511
5061038774528
5061038774542
5061038774566
5061038774573
5061038774580
5061038774597
5061038774665
5061038774672
5061038774702
5061038774719
5061038774726
5061038774764
5061038774771
5061038774795
5061038774924
5061038774931
5061038774986
5061038774993
5061038775006
5061038775013
5061038775112
5061038775129
5061038775136
5061038775143
5061038775174
5061038775198
5061038775204
5061038775211
5061038775235
5061038775242
5061038775365
5061038775426
5061038775433
5061038775440
5061038776867
5061038776898
5061038776911
5061038777055
5061038777154
5061038777185
5061038777215
5061038777239
5061038777277
5061038777284
5061038777291
5061038777307
5061038777314
5061038777321
5061038777338
5061038777345
5061038777406
5061038777413
5099514200490
5200000018998
5200116289237
5200116289275
5200116289282
5200116289299
5200116289312
5200116289329
5200122450010
5200123570212
5200123570229
5200123570250
5200123570267
5200123570274
5200123570281
5200123570298
5200123570304
5200123570311
5200123570335
5200123570359
5200123570366
5200123570397
5200123570403
5200123570410
5200123570434
520012642109
5200129920189
5200129920417
5200137594013
5200140160137
5200140160441
5200140161028
5200140161035
5200140161318
5200140161325
5200140161561
5200140161684
5200140162254
5200140162520
5200140162568
5200140162728
5200140162858
5200140163558
5200145500266
5200251202801
5200251202832
5200251203235
5200251203259
5200251203273
5200251203297
5200251203556
5200251203563
5200251203570
5200251203587
5200251204812
5200309854198
5200309855171
5200309855300
5200309855348
5200312222267
5200321007237
5200321014655
5200321015447
5200321015737
5200321016208
5200321016239
5200321016246
5200322000015
5200398506312
5200398528642
5200410641571
5200410641595
5200410641601
5200410641625
5200410641632
5200410641649
5200410658265
5200410660916
5200410660930
5200410660947
5200410660961
5200410660992
5200410661050
5200410661067
5200410661364
5200410661371
5200410661395
5200410662798
5200410663238
5200410663917
5200410664129
5200410664778
5200410665324
5200410665331
5200410668158
5200410668332
5200410668530
5200410668547
5200410668554
5200410672117
5200410672124
5200410672131
5200410672339
5200423805908
5200423815273
5200423815778
5200423819509
5200423820345
5200423820369
5200423820628
5200423820680
5200423820703
5200423822677
5200423824657
5200423824664
5200423825401
5200423826392
5200423826408
5200423826415
5200423826460
5200423826507
5200423827054
5200423829874
5200423829928
5200423829997
5200423832454
5200423832492
5200423834021
5200423834069
5200423834083
5200423834168
5200423834335
5200423835004
5200423836025
5200423836063
5200423836148
5200423836162
5200423836179
5200423836223
5200423836506
5200423837572
5200423837626
5200423837688
5200423838487
5200423838548
5200423838708
5200423838746
5200423839224
5200423839606
5200423839743
5200423841135
5200423844372
5200423844396
5200423844440
5200423844570
5200423845034
5200423845102
5200423845126
5200423845652
5200423846284
5200435100107
5200435100114
5200435700017
5201100712250
5201100713653
5201178045250
5201178765165
5201279033507
5201279072216
5201279072353
5201279072438
5201279080389
5201279087654
5201279088996
5201279092191
5201279099374
5201279102326
5201279102333
5201279102340
5201279102357
5201279102395
5201279102753
5201279102760
5201279103873
5201279106294
5201279108106
5201279108564
5201314180425
5201314184973
5201314184997
5201314195719
5201314196266
5201314196501
5201314197447
5201314197454
5201314202721
5201314203728
5201314220374
5201314220398
5201314220411
5201314220428
5201314220442
5201314220466
5201452905249
5201895800743
5202304223818
5202518000700
5202518000786
5202518001011
5202518002308
5202518003107
5202518003299
5202518003800
5202518004289
5202518004463
5202518005552
5202518005736
5202518006009
5202518006108
5202518006139
5202518007013
520251800706
5202518007105
5202518007518
5202518010013
5202518030004
5202518030011
5202518032800
5202518052082
5202518052211
520251807280
5202518075104
5202518190029
5202888221279
5202960402213
5202960402244
5203036324650
5203069051500
5203069059063
5203069064661
5203069071409
5203069074042
5203069074059
5203069077197
5203069115837
5203069124020
5203069132025
5203069132032
5203069132049
5203069132070
5203069132087
5203069132094
5203069132100
5203069132117
5203069132124
5203069132131
5203069132148
5203069132155
5203069132162
5203069132179
5203069132186
5203069132193
5203069132209
5203069132216
5203069132223
5203069132230
5203069132247
5203069132254
5203069132261
5203069132278
5203069132285
5203069132292
5203069132308
5203069132353
5203069132360
5203069132377
5203069132384
5203069132391
5203069132407
5203069132438
5203069132445
5203069132452
5203069132483
5203069132506
5203069132513
5203069132520
5203069132537
5203069132544
5203069132568
5203069132575
5203069132582
5203069132605
5203069132612
5203069132629
5203069132636
5203069132650
5203069132674
5203069132698
5203069133978
5203069134012
5203069134081
5203069134111
5203069134203
5203069134234
5203069134241
5203069134395
5203069136641
5203069136672
5203069136689
5203069136696
5203069137792
5203069140600
5203069140693
5203069140709
5203069140723
5203069140747
5203069141058
5203069141065
5204559009872
5204559009971
5204559050102
5204559051673
5204559051680
5204559100524
5204559100531
5204559100548
5204559110219
5204559110240
5204559790459
5204559790640
5204799011383
5204914326699
5204914375055
5205122003471
5205122172832
5205152001324
5205152008385
5205152009894
5205152013075
5205152018926
5205152020523
5205152020691
5205152020929
5205152020936
5205152020943
5205152021087
5205152021605
5205152021735
5205152021834
5206281104122
5206281110901
5206355003115
5206355003177
5206355005331
5206355005348
5206355005355
5206355005379
5206355005632
5206562001140
5206938002139
5207415000280
5208070002930
5208070003432
5208070003456
5208070003753
5208070003784
5212001102170
5212002712330
5212002712347
5212002712354
5212002712361
5212008500504
5212008500627
5213004240197
5213006610035
5213007450135
5213007451118
5213007451675
5213007455338
5213007455369
5213007455383
5213007455581
5213007455635
5213007455642
5213007455666
5213007455673
5213007455680
5213007455741
5213007455758
5213007457028
5213007457035
5213007457042
5213008039681
5213008039698
5213008039704
5213008039711
5213008039735
5213010812845
5213010813507
5213014050304
5213014050311
5213014050335
5213014050458
5213014050472
5213014050496
5213014050519
5213014050533
5213014050571
5213014050601
5213014050632
5213014050656
5213014050663
5213014050731
5213014050748
5213014050953
5213014051073
5213014051097
5213014051110
5213014051127
5213014051134
5213014051202
5213014051226
5213014051240
5213014051448
5213014051455
5213014051721
5213014051905
5213014051912
5213014051929
5213014051936
5213014051950
5213014051967
5213014051974
5213014051981
5213014052025
5213014052032
5213014052070
5213014052087
5213014052094
5213014052100
5213014052117
5213014052124
5213014052148
5213014052179
5213014052247
5213014052315
5213014052353
52130277148370
5214002507145
5214002507152
5214002507169
5214002507176
5214002507183
5214003111013
5214003111020
5400951990026
5425010090028
5425010092251
5425010095573
5425010095634
5425010096402
5708932006910
5708932028653
5708932028684
5900525078681
5900525078698
5900525078742
5900525079138
5900525079145
590186340011
627765016420
627765089349
627765089363
627765089417
65222563
6939663977517
6939663978279
6942133000011
6952062770749
6971693151680
7038516860002
7046110066942
7046110066973
70866015480
7317400019192
7322541112268
739406094589
739406095135
739406095142
7612412430912
7612412432749
7612412432756
762765353813
762765354865
762765354872
7649988953613
7649988953620
7649988953644
7649988953682
769915195606
769915195927
769915195941
769915195958
769915196016
769915196023
769915199581
769915231885
769915232165
769915233490
769915233506
769915233520
769915233674
769915233889
769915233919
769915234060
769915234084
769915234190
769915235401
769915236743
7702018024612
7702018474738
7702018604104
7702018966783
788364019998
793573999115
8001090935014
8001841307084
8001841812007
8002990292092
8003670669593
8003670735359
8003670736363
8004395111305
8006530024259
8006530024457
8006530040846
8006530054102
8006530114325
8006530165426
8006530446648
8006540076033
8006540458563
8006540815335
8008843003723
8018489005746
8029182009306
8029182009351
8033661806966
8050705190522
8050705190539
8050705190669
8050705190676
8050705191093
8052787971662
8052787971693
8052787971792
8052787972324
8052787972331
8052787972553
8054529512430
8054529512454
8054529512522
8054529512638
8054529512645
8054529512652
8055510241612
8057729510909
8058056810359
8058056810762
8058056811394
8058056811448
8058056811608
8058056812001
8058056812599
8058056812605
8058056812612
8058056812629
8058056812636
8058056812643
8058056812650
8058056812667
8058056812674
8058056812681
8058056812711
8058056812728
8058056812735
8058056812742
8058056812759
8058056812773
8058056812780
8058056812797
8058056812810
8058056812827
8058056813312
8058056813763
8058056813794
8058056813855
8058056814227
8058056814364
8058056814814
8058056814821
8058056814852
8058056814876
8058056814883
8058056814906
8058056814937
8058056814982
8058056815118
8058056815521
8058056816283
8058056816405
8058056816580
8058056816665
8058056816795
8058056817921
8058056817938
8058056818836
8058090027935
8058664059355
8058664109678
8058664129935
8058664129959
8058664153459
810170060014
810170060045
810170060076
810170060328
8410207115889
8413224044590
8435025906662
8435025963184
8435025963207
8435025963214
8435025963221
8435025963238
8435025963245
8435025963252
8435025963290
8435025980945
8435025980952
8435025980969
8435025981010
8435025982567
8435025998353
8435025998360
8436559474610
8436559474887
8436559474894
8445290113221
8445290592064
8445290592101
84829614500001
8607000071348
8680671352909
8680671352916
8680671352930
8680671352947
8680671352954
8680671360119
8682132500690
8683555238849
8683555238856
8683555282040
8683555282057
8683555282071
8683555285263
8683555285287
8683555285294
8683555285317
8700216130516
8700216272513
8700216275378
8700216344722
8700216345095
8700216405973
8700216620352
8700216623278
8700216656122
8700216753760
8700216916059
8700216932479
8710103940203
8710103990345
8710103990390
8710103990413
8710103990437
8714273045546
8714273302007
8718951573345
8718951658875
8718951684843
8718951691100
8718951714090
8718951741997
8718951746152
8718951746763
8718951747777
8720689012706
8720689012713
8720689017473
8720689034739
8720689035088
8720689041416
8720689043090
8720689043823
8800240566944
8800240567354
8800240575298
8800253020389
8800253020402
8800253020426
8800256108374
8800256109661
8800256109739
8800256112074
8800256112227
8800256112432
8800256114481
8800256114740
8800256114979
8800256118991
8800256119035
8800256119059
8800289461088
8800289461101
8800289461231
8800289461262
8800289461279
8800289461286
8800289461293
8800289461613
8800289461811
8800289461910
8800289461927
8800289466885
8800289466892
8800289466908
8800289467325
8800289467905
8800289469350
8800289473142
8800289474736
8800289474880
8800289474897
8800289474903
8800289474934
8800289475009
8800289478802
8800289479076
8800330330011
8800330330097
8800366241305
8803463004286
8803463004637
8803463006037
8803463006044
8803463006051
8803463007546
8806185745420
8806334355975
8809115906281
8809140505770
8809273162376
8809326334224
8809328320430
8809328320843
8809328322311
8809328324452
8809328326098
8809328326999
8809328327019
8809328327071
8809328327316
8809328327484
8809328327538
8809328327545
8809328327668
8809328327774
8809349812884
8809384276825
8809409340289
8809409340319
8809409343648
8809409343655
8809409343662
8809409347004
8809409347462
8809416470016
8809416470122
8809416470245
8809443287731
8809447251363
8809447251394
8809447251400
8809447251745
8809447253091
8809447253152
8809447253756
8809447254203
8809447254395
8809447254609
8809447254708
8809447255071
8809447255101
8809447255286
8809447255293
8809447255385
8809447255583
8809447255620
8809447255736
8809447255750
8809447255811
8809447255828
8809447255835
8809447256085
8809447256115
8809447256122
8809447256184
8809447256191
8809447256283
8809447256306
8809447256412
8809447257020
8809454024103
8809454024110
8809454981734
8809454982106
8809454982113
8809454982205
8809454982588
8809454982618
8809454983288
8809454983349
8809454983363
8809454983493
8809454983509
8809463992615
8809463993223
8809463993889
8809469474016
8809470120919
8809470120933
8809473195655
8809474498151
8809486683484
8809504741653
8809504742841
8809530070499
8809543253346
8809543253506
8809560220062
8809562190738
8809562190745
8809562190820
8809562191049
8809562191063
8809562191070
8809562191438
8809562191513
8809562191605
8809562191629
8809562191735
8809562191889
8809562192220
8809562192244
8809562192725
8809562192763
8809562192770
8809563069156
8809563069170
8809563103904
8809566990631
8809568740203
8809568744225
8809568745765
8809572890642
8809576260557
8809576260724
8809576261134
8809576261646
8809576261653
8809576261677
8809581454729
8809581454750
8809581454774
8809581454798
8809581454811
8809581454828
8809581456549
8809581456556
8809581486188
8809589393549
8809598452800
8809598454644
8809598454873
8809598454972
8809598455658
8809598456242
8809598457171
8809598457331
8809606850475
8809615052457
8809615055717
8809615055748
8809615056967
8809615056981
8809615057025
8809615057063
8809615058091
8809615058428
8809615058442
8809615058671
8809615058695
8809615058701
8809615059302
8809640730283
8809640731020
8809640734427
8809640734595
8809640734670
8809640734687
8809640734700
8809640734861
8809640735264
8809640735295
8809640735455
8809640735462
8809640735608
8809640735639
8809640735820
8809640736650
8809640736667
8809640737190
8809640737350
8809640737367
8809640737374
8809640738128
8809640738135
8809640738241
8809647390091
8809647390275
8809647390381
8809647393214
8809647394181
8809647771180
8809653247112
8809653247129
8809653247143
8809657113673
8809657114632
8809657114960
8809657115479
8809657115639
8809670681159
8809684563595
8809695240492
8809695240508
8809695240515
8809695240553
8809695240560
8809695240577
8809695240584
8809695240591
8809695240607
8809695240614
8809695240621
8809695240638
8809695240676
8809695677243
8809695679544
8809700320805
8809700320812
8809704073905
8809704090759
8809732911569
8809732913259
8809738312728
8809738316139
8809738316146
8809738316993
8809738608364
8809747939855
8809759903127
8809759908399
8809759908405
8809759908535
8809784600268
8809784600404
8809784600831
8809784600985
8809784601340
8809784601999
8809795341020
8809795341037
8809795341044
8809795341051
8809795341068
8809795341075
8809795341082
8809795341099
8809795341105
8809809420963
8809809420994
8809809421052
8809809426958
8809809429003
8809809429751
8809844993095
8809844993101
8809844993576
8809844995280
8809844996454
8809844996775
8809844996782
8809844996799
8809844996935
8809844999783
8809874682679
8809874682686
8809874682709
8809874682716
8809874682723
8809874682747
8809874682754
8809874682761
8809874683140
8809874683171
8809874683317
8809874683980
8809874683997
8809874684000
8809874684703
8809874684710
8809874685403
8809875453193
8809875454275
8809875454312
8809875456422
8809875456477
8809875456484
8809875457788
8809875457795
8809875457801
8809875906477
8809875907412
8809875907795
8809883882244
8809886481451
8809886481581
8809886481673
8809886481857
8809886481864
8809886482083
8809886482366
8809886482373
8809886482434
8809886482441
8809886482458
8809886482571
8809886482595
8809886482946
8809886482977
8809886483240
8809886483271
8809891184606
8809891184613
8809913830115
8809913830139
8809913830177
8809913830191
8809913830573
8809913830627
8809913830818
8809913830825
8809913830849
8809913831198
8809913831242
8809913831266
8809913831310
8809913832492
8809913832515
8809913833116
8809913833178
8809921774258
8809933610445
8809933611121
8809933611138
8809933611695
8809936740521
8809936740545
8809936740583
8809936741139
8809936741146
8809936741153
8809936741344
8809936742433
8809937361459
8809937361466
8809937361473
8809937361480
8809937361657
8809937361664
8809941820386
8809941820454
8809941820621
8809941820942
8809941821437
8809941821673
8809941822175
8809941822243
8809941824308
8809941824315
8809941825862
8809953774530
8809954941498
8809960355425
8809960356033
8809962540287
8809968132516
8809971480239
8809971480246
8809981339206
8809982769828
9001616833403
9001616833557
9002502222
9002525109887
9004432005054
9004432005122
9004432005283
9004432005474
906624729
9312657110201
9321104118851
9321104120175
9321104810595
9321104811707
9321104822123
9321104831927
9321104869678
9321104869814
9321104874764
9321104881182
9321104881786
9321104882738
9321104884138
9321104884183
9321104884732
9321104885654
9356788000031
9356788000048
9356788000109
9369998043552
9369998050819
9369998130931
9369998222872
9369998317677
95508184
