8004395111343
8004395111336
8004395111381
8004395110292
7702018464739
3337875902823
5201314206682
3540550016955
7702018604104
3564300034884
3564300034877
3564300034907
3564300034945
5200122450010
5200321016277
5200321008883
5200321016147
5200321016253
5200321012873
3337875952903
3337875920902
3337875921008
5201100752300
3337875944618
3337875941433
3337875921039
3337875920971
3337875816779
3337875920568
8809875456460
5200398529366
5200398529564
5200398529373
5200398529342
5200398529359
5200398529540
5200398509252
5200398506442
5029354016159
8800289467318
8800289467325
8809562192220
8809562191971
8809562192138
8806185745420
8809598457256
8809747965786
3522932005351
8809747956319
5203069140310
3282779446877
5203069140259
3282771000534
3282771000572
4992440034713
5213014051950
5213014052315
5213014051974
5213014052124
5213014052353
5213014052070
5213014051905
5213014051936
5213014052117
5213014052094
5213014051912
7702018966783
5213014052025
5213014051967
5213014052032
5213014051981
5213014051929
5213014052087
5213014052247
5200435700079
5200435700048
8809874682679
3574661360843
793573999115
3574661360850
910086
4210201213055
5010724528938
9002502222
5011025086530
5201452905249
4005800041938
4005800319341
4005800326097
4005800151842
8809238962812
8809530070499
8809581456594
8809913830085
8809874683317
5206609301103
5205152022190
5425010097492
4710367756866
5056243508877
5061038777345
5061038777406
5061038776041
5061038775365
5061038777048
5061038776089
5061038776928
5061038774153
5061038777215
5061038777208
5061038776072
5061038774146
5061038777239
5061038777185
5061038777284
5061038774160
5061038777246
5061038777291
5061038777277
5061038777352
5061038777055
5061038777222
5061038775341
5061038776065
5061038776898
5061038770421
5061038775372
5061038776119
5061038776867
5061038772920
5061038776102
5061038777130
5061038776126
5061038777321
5061038777147
5061038777413
5061038777307
5061038777338
5061038777314
5204559515618
8809328320430
8809328327484
8809328325190
8809328325206
8809328325213
3337875917407
769915236460
5204559020860
3282770100228
5204559051635
5212002712347
9999990603937
5212002712361
5212002712354
5200102461586
3661434009754
3337871324582
3522930005827
5203069141089
5203069140518
8052787971686
8052787972362
8052787972683
8052787972898
8052787972881
8052787972904
8052787972669
8052787972744
8052787972737
8052787972768
8008843128914
8052787972034
5205152021063
5205152021018
5205152020981
5205152021056
5205152021025
5205152020998
5205152021049
5205152021506
5205152021452
5205152021445
5205152021469
5205152021483
5205152021476
5204559030197
5204559010779
5204559010571
5204559010670
8052787972706
5202888271212
5202888222481
5202888271809
5202888400223
5202888400179
5202888400056
5202888400209
5202888400186
5202888222375
5202888222283
5202888227417
3540550013404
3701129817957
3540550020938
3540550014913
3540550020969
3540550020747
4743318106236
4743318106229
4743318106243
4743318106212
4743318106199
4743318106205
4743318108124
8596024006361
5055148415471
5055148415488
5055148415495
5055148410735
5055148410742
5055148400583
5055148411169
8809447256658
8809447256238
8809695240706
5201314181385
8809695240690
5201314180685
5201314180241
8058090008927
8058090008934
8058090027935
5201314180708
5201314180432
5201314180296
5201314180326
5201314180722
5201314180289
5201314180395
5201314180302
5201314180425
3660398000036
3660398000034
3660398000030
5207415000280
4260006588674
4260006580890
4033077045434
5205152021889
8809655950898
5061038774733
5061038774535
5061038774559
5061038774894
3661075302672
8720689003568
8683555284792
8683555283870
8008843137077
8055510247652
8684708009033
8683555257390
5060980651017
810118704345
8809960354732
8809670682675
5200321016284
8809874684017
8809543253568
8809186283854
8809187049350
8809800940798
8809728080255
8809626566431
8809728081412
8809782554426
8809728080071
8809970759039
8809765940437
8809115027917
8809486681657
8809634610034
8809634610881
4901872459957
8809937361688
8809652586687
8809937360346
8809652586540
8809732911897
8809738599044
8809732913099
8809875456347
8809732910159
8809875456033
8809875456019
8809875456026
8809563101054
8809563103430
8809563103065
8809928134888
8809928132006
8809679690039
8809928136158
8809941824858
8809941824841
8809941824865
8809941824308
8809409343648
8809941824315
8809409343655
8809409343662
8809941825862
8809941822175
8809576261653
8809941821437
8809576261677
8809576261134
8809913830191
8809913830115
8809463992615
8809913830627
8809463993889
8809606850475
8809875907412
8809875907795
8809463993223
8809562191513
8809562191070
8809562191438
8809562190820
8809562191049
8809562191063
8809562190738
8809640735462
8809640735455
8809640735295
8809640734861
8809640734670
8809640736667
8809640730283
8809640735264
8809647390275
8809647393214
8809647394181
8809647390381
8809647390091
8809326334224
8809971480239
8809653247143
8809971480246
8809416470122
8809653247129
8809968132516
8809473195655
8809738316993
8803463004286
8809695677243
8809695679544
8803463004637
8803463007546
8809921774258
8800289474934
8809883882244
8800256112432
8800256112227
8800240567354
8809982769828
8800256119059
8800256108374
8800240575298
8809447253756
8809447255293
8809447254708
8809447255583
8809447254609
8809447251400
8809447256122
8809447256306
8809447254203
8809447253091
8809447255835
8809447254395
8809447256412
8809447251745
8809447251394
8809447253152
8809447255071
8809447255620
8809447255385
8809447255286
8809447256283
8809447255736
8809447255811
8809447255750
8809875456422
8809349812884
8803463006051
8803463006044
8803463006037
8809913833116
8809913833178
6975070916008
8809581454798
6952062770749
8714273045546
8018489005746
8714273302007
8809581454774
3337875941150
3337875947435
3337875941143
3337875947541
3337875908368
3337875934169
5200415603017
3337875945738
3337875945790
3337875945820
3337875945660
3337875945769
3337875945622
3337875940399
3337875944960
3337875945110
3337875940412
3337875932301
3337875932264
3337875932349
3337875915861
3337875940993
3337875940139
3337875940214
5201314202738
3337875940252
5201314202745
5201314203742
3282770397680
5201314203735
5201314220527
5201314220497
5201314220503
5201314220404
5201314220398
5201314220466
5201314220473
7070866041816
7046110066973
7046110066942
5201314220374
5201314220442
5201314220428
5201314220459
5201314220411
5201314203728
5201314202721
8055510241612
3661434011900
3522930005780
3522930005926
769915236743
3282779447652
3282779446884
3282779447690
5205152020912
5205152021834
5205152021735
8809454983288
5056585806891
5056585806846
5202888400162
5203069139536
5202888400193
5203069140587
5203069140600
5203069140648
5203069140693
5203069139765
5203069132261
5203069139758
5203069132254
5203069141065
5203069140754
5203069141058
5203069140730
5203069140747
5203069140723
5203069140709
3701129818572
5203069139543
5206609301165
3701129813652
3701129820674
3701129813645
3701129814390
3701129814727
3701129810194
3701129813447
3701129817919
3701129800850
3522930005414
3522930005407
3522930005377
3522930005384
3522930005360
3522930005346
3522930005353
3522930005339
5201279106294
5201279108106
65222563
3337875943901
5205152013075
705928052000
5205152021728
8720689043823
5202888109690
8720689043090
8710103990437
8710103990390
8710103990413
8710103990345
5205152020905
5205152020899
5205152021285
5205152021292
5204559051673
5204559051680
5204559009971
8720689041416
5204559009872
7612412432671
5213010813446
5213014050472
5202888230189
5213014050458
5203069134241
5203069134234
5201279102357
5201279080389
5201279108236
5201279102326
5201314195719
5201314206750
5201314206651
5201314206668
3337875943932
3540550019598
3337875945851
5061038774719
5061038775136
5061038775426
5061038775242
5061038775143
5061038774498
5061038774993
5099514200490
8033087660203
5200398506404
8033087660241
8033087660227
8004395111305
5054563233776
5206880000559
5213010813460
5206880000566
5213010813422
5213010813484
5205152021605
5213010813477
5213010813507
5200145500259
8033661806966
5201279108052
5201279110543
5201279108038
5201279108021
5201279108014
5201279108564
8800330330097
5201279108045
8809670681159
8809543253506
8809572890642
4589546891502
8809809421052
8809809420994
8809809420963
8809568740203
8809875454275
8809875454312
8809875457788
8809695240607
8809695240621
8809695240614
8809695240638
8809695240515
8809695240676
8809695240591
8809695240584
8809695240577
8809695240508
8809695240553
8809874683171
8809695240560
8809874684710
8809874683997
8809874682754
8809874682723
8809874683140
8809874685403
8809874684703
8809874682709
8809874682716
8809913832492
8809874684000
8809913830139
8809562191629
8809562192770
8809562191735
8809562190745
8809640735608
8809640738241
8809640738135
8809640734700
8809640735820
8809640734595
8800256118991
8800256112074
8800256114979
8809981339206
8800289461286
8800289461811
8800289461262
8800289461071
8800289461088
8809447256115
8809447256184
8809447256191
8809886482595
8809886482373
8809795341082
8809795341020
8809454982588
8809795341075
8800289475009
8800289461101
8809576260557
8809562192244
8809704090759
8800289462214
8809891184606
8809891184613
5200410672124
6939663978279
5200410672094
5200410672131
5200410672100
5200410672117
5200410665362
5200410665324
5200410665331
5200410665348
5200410665355
5200410665317
5200410672377
5200410672407
5200410672360
5200410672346
5200410672353
5200410672384
5200410672391
5213014050335
5200410672339
5213014050311
5213014050496
5213014050304
5213014050533
5213014050656
5213014051240
5213014051097
5213014051110
5213014051134
5213014051127
5213014051226
5213014050601
5213014050663
5213014050632
5213014051073
5213014050519
5213014050571
5213014050731
5213014051202
5213014050748
5213014051455
5213014051721
5213014051448
5213014052179
3282770399479
5213014050953
3282770399226
5214003111020
5203069137662
5214003111013
5203069137792
5203069137723
5203069137815
5203069137716
5203069137747
5201279102333
5203069138195
5201279102340
5201279078164
5201279072438
3522931033881
5201279072353
3337875903189
3337875903493
3337875899543
3337875930307
3337875930338
3337875905480
3337875943963
3337875930048
3540550017525
3337875930239
3540550016467
3540550016474
5061038774924
5061038774931
5061038774771
5061038774726
5061038774795
5061038774764
5061038775112
5061038775129
5061038775235
5061038775198
5061038775174
5061038775013
5061038775204
5061038775211
5061038775433
5061038775006
5061038775440
5061038774665
5061038774573
5061038774528
5061038774481
5061038774511
5061038774566
5061038774580
5061038774597
5061038774672
5061038774504
5061038774474
5061038774542
5061038774702
9312657110201
5061038774986
810170060366
5099514002742
3504105045432
3504105045623
4065331000743
4065331001603
5205122172832
8710103940203
8720689017473
3661075385972
5200398506329
4260703130039
3661075296018
8683555282040
5205122003471
8683555282057
8683555285287
8683555282071
8683555285294
8683555285263
8683555285317
8683555238856
8683555238849
3661075373634
3661075376079
5205152020608
8607000071348
5054563231765
8004395111312
5054563282354
7612412432497
7610108043583
5201314196532
5201314196501
5213010813491
5213010813453
8057729510909
5200309855263
84829614500001
3282770401400
4032651168088
5202304223818
3331300003758
3331300003697
3331300003727
3594450330055
5205152020523
9369998222872
9369998317677
9356788000031
9356788000109
9369998043552
9356788000048
9369998130931
5200145500266
9369998050819
5200116289312
627765089325
627765089349
627765016420
627765089363
627765089417
5200398529212
5201314196266
5000488105285
5200321016246
5000488109863
5200321016178
5200321016154
5200321016215
5200321016222
5200116289282
5055148415457
5200116289299
5055148415198
33984017733
8800256114481
33984016095
8800256114740
8682132500690
8800256109739
8680952700528
5200321016239
8809874682761
4550516474636
4550516474582
4550516474568
8809960355425
8800330330011
8809474498151
8809543253346
8809273162376
8809704073905
8809140505770
8809657113673
8809443287731
4903335696855
8809581486188
8806334355975
4550516485830
4901872837144
8809469474016
8809486683484
8809568744225
8809809429751
8809568745765
8809953774530
8809809426958
8809809429003
8809657115639
8809738608364
8809962540287
8809657115479
8809732913259
8809657114632
8809732911569
8809875457795
8809875453193
8809875457801
8809875456484
8809695240492
8809875456477
8809563103904
8809759908535
8809560220062
8809759908405
8809759903127
8809874683980
8809759908399
8809874682747
8809941821673
8809409340289
8809941820942
8809941820454
8809409347462
8809409340319
8809941820621
8809941822243
8809941820386
8809615059302
8809615058671
8809615058701
8809936740583
8809615058695
8809913832515
8809936742433
8809913830450
8809913831266
8809913830849
8809913830481
8809576260724
8809576261592
8809913831198
8809913830825
8809913830177
8809913830573
8809913831242
8809576261646
8809913830818
8809700320812
8809700320805
8809562192763
8809562191889
8809640734687
8809640738128
8809640737190
8809640735639
8809640734427
8809640731020
8809504741653
8809784600404
8809784601340
8809784600831
8809784600268
8809784600985
8809784601999
8809598454873
8809653247112
8809598457331
8809598454880
8809598454668
8809598457171
8809598456983
8809598455658
8809598454644
8809598454972
8809598454958
8809954941498
8809738316139
8809738316146
8809875906477
8800289474880
8800289479076
8800289478802
8800289473142
8800256119035
8800289461279
8800256119028
8800256109661
8809960356033
8800240566944
8809982769866
8800256113217
8800289474897
8800256114313
8800289474736
8800289461927
8800256108053
8800289461293
8800289461910
8809447256085
8809447255828
8809447251363
8809886482434
8809447255101
8809886481673
8809886481451
8809886481581
8809886482083
8809886481857
8809886482571
8809886481864
8809886482366
8809886482441
8809886482458
8809795341037
8809795341105
8809563069170
8809795341044
8809795341068
8809795341051
8809795341099
1210001220539
8809936741153
1210001220560
8809615056967
8809936740545
8809615058428
8809615057025
8809936741344
8809562191605
8800289461613
8809886482977
1210001218895
8800289461231
1210001218918
1210001218888
8809416470245
8809640736650
8809684563595
8800253020426
8809913831310
8809615052457
8800253020389
8800253020402
8809566990631
8809936741146
8809936740521
8809936741139
8809747939855
8809913833093
8809470120933
8809615055717
8809615056981
8809454024103
8809581454811
8809581454729
8809581454750
8809581454828
8809640737350
8809640737367
8809640737374
8809937361473
8809937361459
8809937361480
8809937361664
8809937361466
8809937361657
4260307472801
4005800368479
4005800368462
5206977000240
4005800376184
5206977000233
4011548047125
788364019998
6939663977517
7649988953613
7649988953644
7649988953620
7649988953682
5202960402244
4054596258129
7322541112268
5213014052100
5212001102170
8019561240116
5200322000015
5902658066092
5205122005192
8058056816665
5206609100188
8809454982618
5205122005208
5056585803777
5056585803760
5056585805030
5200251203563
5200251203556
3661434023439
5200251203570
3661434005510
5200251203587
5200410668301
5203069138096
5203069138126
5203069138157
5203069138171
5203069138140
4743318105154
4104480472091
4743318105147
4743318105123
4743318105130
4743318105116
4743318105109
4743318105086
4743318105093
4743318105079
5204799030278
4743318105062
5204799050344
5204799040482
5204799011345
5204799020460
5204799011383
5204799011369
5204799011376
5204799011352
810071801358
5200435700017
5200435700055
3337875922043
3337875920728
3337875920667
3337875922029
3337875920582
3337875920698
3337875923880
3337875930611
3337875930581
5201100729005
5203069137679
5205152020691
769915195934
769915195941
769915195927
769915233919
769915231885
769915232165
769915233506
769915233674
769915233490
769915195606
769915234060
769915234084
769915234190
769915234411
769915196061
769915235401
769915199581
769915233520
769915233353
769915196016
769915233889
5054563231819
769915195958
3540550017495
7612412432756
7612412432770
7612412432749
7612412432732
5200410668547
5200410668554
5200410668530
5200410668516
5200410668523
5200410668332
8720181172632
810170060014
810170060076
810170060021
810170060328
810170060045
4008600436416
8445290592064
5200321016185
33984015777
5200321016161
5200321016192
5200321016208
8006530040846
8700216932479
8700216930710
8445290592101
8445290592088
8445290113221
33984015678
8720689034739
762765354865
762765354667
762765354834
3701436937560
3701436937577
3701436935016
3701436934903
3701436934958
3701436934873
3701436935030
3701436937010
3701436935115
3701436937041
3701436937027
5205152020929
3701436937034
5205152020936
3701436934835
5205152020943
3701436934798
3701436934774
3701436934781
3701436934767
3701436936433
3701436932909
3701436933340
3701436928100
3701436933319
3701436927332
3701436928087
3701436927325
3701436927301
3665585001582
3701436930790
8718951747777
8718951714090
8718951746763
8718951746152
8718951573345
8718951691100
8718951741997
8718951667037
3701129812433
8718951658875
3701129811436
3540550018393
3540550018263
3540550018317
3540550018119
5201279087654
3540550017396
5201279102753
5201279088996
3661434009662
5201279102760
5200309855348
5208070003814
5200309855171
5200309855300
5055148415334
7612412430912
3522930005124
5055148415051
5213004240197
3282770400786
5203069134395
5203069136641
5203069136702
5203069136689
5203069136696
5203069134043
5203069134203
5203069134012
5203069134036
3522930005087
3522930005278
5200398506282
5200398529229
3661075373337
5203069134104
5203069134111
5203069134098
5203069134081
5203069136672
5203069130243
8052787972560
8052787972522
8052787972546
8052787972539
8052787972553
8052787972515
8052787972508
5205152021247
5205152020516
5205152021230
6939663978460
5205152021094
5208052000428
5905718013548
8718951684843
5213001491752
5060926686790
5060926686714
5060926686752
5200309854228
5200309855270
3522930004653
3522930004660
3522930004622
3522930004615
3522930004646
3522930004677
3540550017198
5200251204812
4062300261532
4743318145143
4743318145150
4743318145129
4743318145136
4743318145112
4743318145099
4743318145105
4743318145082
4743318145075
4743318106267
4743318145068
4743318106052
4743318105253
4743318106045
4743318105246
4743318104911
4743318105239
4743318103891
4743318104904
5200435100138
5200435100121
5200435100107
5200435100114
4743318145303
4743318145280
4743318145297
4743318145167
5200321016093
5200321016109
5019781057160
5019781057276
5019781057283
5201279099374
5201279103248
5201279103255
5201279103231
5201279103866
5201279103873
5201279103859
5201279105273
5201279105280
5201279103224
5201279102944
5201279103217
3661075355456
3661075357344
3661075357375
4743318105291
4743318105307
4743318104966
4743318104942
4743318104959
4743318104935
4743318104928
5200398506312
5061038773545
5200309854198
5061038773521
5061038773538
5061038773576
5061038773675
5061038773583
5061038773668
5061038773644
5061038773651
5061038773637
5061038772951
5061038772968
5061038772944
5061038772913
5061038772937
5061038772883
5061038772869
5061038772876
5061038772852
5061038773507
5061038772838
5061038773491
5061038773477
5061038773484
5061038773460
5061038773446
5061038773453
5061038773439
5061038773590
5061038773613
5061038773552
5061038773286
5061038773293
5061038773279
5061038773255
5061038773262
5061038773194
5061038773248
5061038773187
5061038773163
5061038773170
5061038773156
5061038773132
5061038773149
5061038773125
5061038773101
5061038773118
5061038773088
5061038773095
5061038772975
5061038773873
5061038773859
5061038773866
5061038773828
5061038773842
5061038773880
5061038773798
5061038773804
5061038773781
5060599189826
5061038773767
5060599189796
5061038770445
5061038770841
5061038770247
5061038770902
5061038770056
5061038770896
5061038770834
5061038770858
5061038770742
5061038770674
5061038770728
5061038770667
5061038770643
5061038770650
5061038770629
5061038770636
5061038770568
5061038770537
5061038770551
5061038770513
5061038770520
5061038771282
5061038771275
5061038771251
5061038771268
5061038770087
5061038770025
5061038770070
5061038770018
5061038770308
5061038770315
5061038770292
5061038770254
5061038770261
5061038770230
5061038770209
5061038770216
5061038770193
5061038770285
5061038770278
5061038770926
5061038770506
5061038770919
5061038770490
5061038770476
5061038770483
5061038770469
5061038770452
5205122005147
5061038770438
5205122005161
5205122005130
5205122005154
3661075366483
5054563262370
5054563267979
5056585804118
5056585804019
3282770399585
5056585804026
5021265244430
3337875932080
5021265244447
3337875921947
3337875934633
3337875922852
3337875927871
8809454982670
5060629143347
8809454982649
8809454982663
8809454982793
8809454982656
5200410671103
5200410671042
5200410671066
5200410671059
5200410671011
5200410671028
5200410671004
5200410671080
5200410671097
5200410671073
5019781057184
8809328327316
5019781057214
5019781057238
5019781057177
5019781057306
5019781026067
5019781057290
5055148415167
5055148415082
5055148415174
8809933611138
5200423845126
8809933611121
5200423845102
5200423844570
5200423845034
5200423844396
5200423844440
5200423844372
8809328326098
5200423846284
5203069138669
5203069138621
5203069138645
5203069138638
5203069133954
5203069134005
3701436929510
3701436934422
3701436932923
3574661801018
5212002714181
5212002714914
5212002714174
5200410668318
5212002714112
5200410668325
3522930005261
5200410668295
3522930005247
3522930005254
3522930005230
3522930005216
3522930005223
3522930005209
3522930005186
3522930005193
3522930005179
3522930005025
3522930005162
3522931005017
3522930005001
3522930004639
3661434023422
5200321016116
5054563264602
5200321016130
5054563264626
5206281104122
5054563205803
5206562001140
5019781057252
4010160003038
5060630044343
3661075376673
3661075376734
3661075372668
3661075376130
5205122005178
5205122005185
3337875923859
5201314160953
5201314076315
5201314066125
5201314160946
4008600443827
4008600432845
4008600378846
4008600378808
5056585804255
3282770398564
5213001491806
3282770398557
3337875925341
3337875905602
3337875905596
3337875902847
3282770398151
3337875902830
3282770398168
5205152021087
3337875905510
3337875905497
8032472034940
3337875905633
8032472034933
3701436928162
3701436928186
8809933610445
5019781057191
8017990085728
8017990085759
8017990085711
8017990085742
5200116289336
8017990085766
5019781057313
5000204435511
5019781057245
8017990085919
8017990085926
8017990085896
8017990085872
5202888271342
8017990085704
5202888109492
5202888271335
5202888271397
5202888271403
5202888271380
5203069132605
5202888271373
5203069132582
5203069132599
5203069132568
5203069132575
5203069132544
5203069132551
5203069132520
5203069132537
5203069132513
5203069132490
5203069132506
5203069132483
5203069132469
5203069132476
5203069132148
5203069132452
5203069132131
5203069132117
5203069132124
5203069132100
5203069132087
5203069132278
5203069132070
5203069132247
5203069132223
5203069132230
5203069132216
5203069132193
5203069132209
5203069132179
5203069132186
5203069132162
5203069132155
5203069132698
5203069132674
5203069132681
5203069132667
5203069132643
5203069132650
5203069132636
5203069132612
5203069132629
5203069132049
5203069132025
5203069132032
5203069132018
5203069131998
5203069132001
5203069131981
5203069132421
5203069132438
5203069132414
5203069132445
5203069132391
5203069132407
5203069132384
5203069132360
5203069132377
5203069132353
5203069132339
5203069132346
5203069132322
5203069132308
5203069132315
5203069132292
5203069132285
4063528082718
8700216275378
4063528082770
4063528082800
4719003070243
3701436930684
3701436930691
3701436930660
3701436929558
3701436930677
3701436929527
3701436929534
3701436929541
3701436932947
3701436933517
3701436932930
3701436933500
3701436933531
3701436933548
3701436933524
5054563236722
5054563187413
8052787971792
8052787971662
8052787971693
8052787972348
8052787972324
8052787972331
8809933610353
4743318145051
4743318145020
4743318145037
4743318144061
4743318144047
4743318144054
4743318144030
4743318143279
4743318144948
4743318144955
4743318144764
4743318144931
4743318144757
4743318144733
4743318144740
4743318144443
4743318144429
4743318144436
4743318144412
4743318144245
4743318144252
4743318105017
4743318104881
4743318105000
4743318104874
4743318103976
4743318104867
8058056812780
8058056812728
8058056812735
8058056812773
8058056812742
8058056812759
8058056812711
8058056812681
8058056812674
8058056814982
8058056812667
8058056812650
8058056812605
8058056812612
8058056812599
8058056812629
8058056812636
8058056812643
8058056812827
8058056812810
8058056812797
5200410668158
8809238962706
8700216620352
8700216623278
8700216375344
8700216623582
8700216198899
5203069138614
5203069138461
5203069138447
5203069138454
5203069138430
8700216345095
5203069138423
8700216762472
8700216344722
3337875916998
3337875894104
3337875915885
3337875915915
3337875914857
5204559009377
5204559030319
5055148414719
5055148414726
5055148414702
3337875911184
5055148414696
5201100715268
5201100712250
3337875924887
5201100713677
3337875920742
5201100713653
9062300000815
3337875918534
5055148414979
5055148414740
5055148414733
3701129814420
3701129813638
8720689035088
3701129813621
3701129807927
3701129813614
3701129812518
3701129812099
3701129813430
3701129812488
3282779429306
5205152020226
3282779429313
5056585803562
762765354872
762765353813
762765354186
5200321016079
4743318103877
3337875805896
4743318144344
4743318144290
4743318104850
4743318104836
4743318104843
4743318104829
4743318104805
4743318104812
5205122005123
5205122005116
3701436930707
5202888231223
3701436928759
3701436928766
3701436928803
3701436928797
3701436928780
1210001217317
3522930004547
5054563242877
7702018024612
8809933611633
8809844997635
4008600434337
4008600441649
4008600434368
3282770396324
3282770397437
3282770396300
3282770397451
3282770397697
3282770394467
3282770395235
5203069134777
5203069134760
5203069133800
5203069134425
5203069134074
5203069133985
5203069134067
5203069134265
5203069133978
5201279103019
5201279102395
5200423845652
5205152020103
8809844999783
8809844996799
8809933611695
8809844996775
8809844996782
8809844997987
8809328322311
5200423841135
8058056814937
5200423839743
5200423839224
5200423838746
5200423839606
5200423838708
5200423838548
5200423838487
5200423837688
5200423837572
5200423837626
8809328320447
5201314197454
5201314197447
5201314184997
5201314184973
5200129920189
3661075345228
3661075345242
4743318104300
4743318104287
4743318104294
5200410664778
8058056814883
8058056814364
8058056814821
8058056815521
8058056814906
8058056814852
8058056814876
8058056814814
5213010812845
3540550015378
8809454982205
8809454982106
8809454982113
3661075347215
3661075355647
3661075314279
5200423836223
5200423836506
5200423836179
5200423836148
5200423836162
5200423836063
5200423836025
5200410663917
5200410664129
5206281110901
5011309111217
4010160001935
8809615058442
8809615057063
8809470120919
8809416470016
8809738312728
8809657114960
607469947855
5056585803111
4008600181316
4008600418306
5200398528703
5200398528741
5200398528789
5200398528796
5200398505254
5200398505131
5200398528628
5200398528642
5200398505094
5200398528604
5200251202832
5200251203235
5200251203273
5200251203297
5200251202801
5200251203259
4008600420712
9321104884183
9321104884138
9321104881786
9321104884732
9321104885654
5055148414481
8058056816283
8058056816580
5060895839036
5060895839005
5060895839029
5060895838992
5060895838961
5060895838985
5060895839319
5060895838817
5060895838879
5060895836738
5060895836721
5060895838855
8058056816405
5060895839180
5060895839166
5060895839173
5060895839159
5060895839142
5060895839128
5060895839135
5060895839098
5060895839067
5060895839081
5060895838794
5060895838770
5060895838787
5060895838763
5060895838756
5060895837148
5060895835427
5060895837056
5060895835380
4250883383066
5200410663238
5200423835004
5201895800743
5200423834168
5200423834335
5200423834083
5200423834069
5200423834021
5200321015904
5205152018926
5200321015898
8054529512430
8054529512522
8054529512454
8054529512652
8054529512645
8013134009582
8054529512638
8809844996454
8809844993576
8809844995280
8809844996935
8809844993095
8809844993101
5056585802602
8809454982403
5060926680736
5200423832454
5200423832492
5200423829997
5200423829874
5200423829928
5200321015805
5200321015744
5200321015690
5200321015737
5200321015683
5200321015720
3661075313555
3661075313227
3661075330590
3337875852333
5204559063133
5204559063119
5204559063126
5204559063102
8720689012980
8720689012973
8720689012713
8720689012690
8720689012706
5060895835335
5213008039735
5213008039711
4099702003903
4099702003880
5213008039698
5213008039704
5213008039681
4099702000896
4099702003927
4099702000148
4099702000032
4099702000162
4743318144658
4743318144627
5212002712330
735745838600
735745838631
735745838617
8050705191093
8050705190522
8050705190539
8050705190119
8050705190669
5425010096402
3701436917920
5027314505675
5200321015447
5200321014914
5200321015249
8700216312783
8700216130516
3661075298821
3661075301255
3661075313678
3661075304409
5200410662798
5200423827054
5200423824664
5200423826460
5200423826415
5200423826507
5200423826408
5200423820680
5200423820703
5200423820628
5200423820369
5200423819509
5200423826392
5200423820345
9001616833557
9001616833403
8809328324452
8809328320843
8058056813855
8058056813763
8058056813794
8006540458563
5214002507183
5214002507176
5214002507169
5214002507145
5214002507152
5208070002848
5203069123207
5200423825401
5200423822677
5200423824657
5200410661067
5200410661050
5200410660992
5200410660961
5200410660930
5200410660947
5200410660916
5200321014655
5200321014563
5200321014532
5200321014143
5200321014150
5200321014136
5200321014112
5200321014129
5200321014075
5200321014044
5200321014068
4008600202912
4064035096410
4008600418689
3701129807293
3661075301347
3661075274900
3661075301224
3661075268848
3522930004073
3337875839501
8006530114325
9002525109887
906624729
733739004956
733739003553
733739016614
5200309855355
5200000018998
8029182009306
8029182009351
9321104874764
4968420701135
9321104869814
9321104869678
9321104822123
9321104811707
9321104810595
9321104120175
9321104118851
3282779340786
9321104881182
9321104882738
5203069101427
5200321013283
5200321012965
5200321013146
5200321013160
5200321013153
5200321013177
5200321013191
8436559474894
8436559474887
8436559474610
5200423815778
5200423815273
5200423805908
5200410661364
5200410661395
5200410661371
4008600405399
4008600367871
5200140161028
5060599189697
5200321012866
5200321012729
4053800411053
4008600387299
5213006608070
5213006610035
739406095142
739406095135
739406094589
5200410658265
5200410641649
5200410641632
5200410641625
5200410641601
5200410641595
5200410641571
5200410641458
5201279092191
5201279092368
5201279092344
5203069115837
5202518007013
8809454981734
5200321012545
5202518032800
8058056816795
8058056813312
5200321012330
5204559516127
5060599184494
5060599184517
8680671352947
8680671352954
8680671352930
8680671352909
8680671352916
5060599184357
8680671360119
4008600389408
9321104831927
4029125108466
8032472019091
3504105036409
3585555049560
3800224891654
3800224891630
3800224890978
3800224891616
5000488104479
7702018474738
8058056811448
8058664129959
8058664129935
8058056817921
3337875677967
5212008500504
8058056812001
8058056815118
8058056817938
8058056810359
8058056810762
5203036002276
6971693151680
9004432005474
9004432005122
9004432005283
9004432005054
5200312222267
5200321011135
5201279072858
8058056811394
8058056811608
8058056814227
8058056818836
3800224890763
4015400759263
5425010095573
5425010090028
5425010095634
382903202126
382903202133
5205152011262
5200123570298
5200123570250
5200123570359
5200123570434
5200123570304
5200123570274
5200123570212
5200123570281
5200123570267
5200123570397
5200123570229
5200123570410
5200123570403
5200123570335
5200123570366
5200123570311
4008600229285
4008600211143
5056243501083
8058664109654
5060173376239
382903207336
382903202119
5204914375055
5206938002139
3282779447706
5203069077197
790072657461
5213007455642
5213007455635
5213007457035
5213007457042
5213007457028
5213007455680
5213007455666
5213007455673
5213007455338
5213007455758
5213007455383
5213007455369
8058664153459
5213007455741
8435025998353
8435025998360
5213007455581
5200416700081
4015400219507
5203069074059
5203069074042
5202518001011
5902020847038
5203069071409
5205152008385
5202518030011
5202518030004
5202518000786
5202518010013
3661434004995
5204559050102
5204559790459
590186340011
5202518190029
5202518052211
5202518052143
5202518052082
4008600181088
8435025982567
8435025963313
8435025963306
8435025963252
8435025963290
8435025963245
8435025963238
8435025963214
8435025963221
8435025963207
8435025963184
8435025963191
8435025981010
8435025980952
8435025980969
8435025980945
8435025963177
8435025980938
8435025906662
5213007451118
2349810009895
2349810004333
2349810003138
5213007451675
5213007450135
2349810002667
8058664059355
5203069064661
5204914326699
3401381682361
3800224890015
3800224890237
4015400759140
8033224812502
8809115906281
5012654143021
5203069059063
4008600207542
8006530045254
5200116289329
5019781012718
5203036324650
5203069051500
3337871325770
5052197023411
5206355005355
5206355005348
5206355005331
5206355005379
5206355005632
8003670735359
8008843003723
8003670669593
8058664109678
8003670736363
5200321008272
5206355004013
3323037604759
5206355003115
4042809027600
5206355003177
5202960402213
4005808650712
52130277148370
4005800251511
3582910081975
4008600082521
8809562192725
4719003000028
5200321007237
8001090935014
5202518004289
5202518004463
5202518006108
5202518006009
5202518006139
520251800706
5202518003107
5202518007105
520251807280
5202518007518
5202518075104
5202518003299
5202518003800
5202518005552
5202518002308
5202518000700
5202518005736
5200435700024
3701436938949
5019781041534
5019781016853
5019781022359
5019781022441
5019781022595
5019781025176
5019781022533
3701436939045
3701436939328
3701436938970
3701436938987
3701436938925
3701436938956
3701436937973
3701436937782
3701436938932
3701436938888
5200435100244
4005800055805
5200116289275
4005800310133
4005800180712
4005900786821
4005800187858
7612412429497
4005800187834
5200129920417
4008600384946
4005800100321
4743318107134
4743318107158
4260307475956
3564300035089
5201178028550
4743318107165
4005800348594
4005800315213
5206469006989
4005900717672
3522930005797
5206469007023
4006000006918
4005800319433
4005800262531
5200435100251
4005800198052
5400951990026
4005800352041
4005800305344
4743318107141
8006530446648
4005800204982
4005800183690
4005900880611
5200435100268
8413224044590
4260307478155
4005800051029
4005800319419
8001841812007
5201178026914
7612412429527
3701436939687
735745838624
8700216272513
8700216405973
8001841307084
8700216484206
8700216484053
8700216476317
8700216916059
8006530054102
5200116289237
8006530024259
8006530024457
4005800342363
5201178045250
4005800180477
8700216753760
8700216656122
8006530165426
8700216722698
