3282770399141
9001616203633
5200435700031
5200435700062
4743318106205
3564300034907
3564300034945
3337875952903
5201100752300
3337875941433
3337875921039
5203069132094
3337875921008
3337875944618
3337875920971
3337875920568
5200398529366
5200398529359
5029354016159
5203069140259
3282771000534
3282771000572
6975070916008
7046110066942
5201314220374
5201314220411
3522930005926
5203069139536
5203069140600
5203069140693
5203069139765
5203069132261
5203069139758
5203069132254
5203069141065
5203069141058
5203069140747
5203069140723
5203069140709
3701129813652
3701129820674
3701129813645
3522930005414
3522930005407
3522930005377
3522930005384
3522930005360
3522930005346
3522930005353
5201279106294
3522930005339
5201279108106
5201279102357
5201279102326
3337875943932
3337875945851
3540550019598
5200410672131
5200410665324
3282770399226
8800289474880
1210001220539
1210001220560
1210001218895
1210001218918
1210001218888
4005800368479
4005800376184
788364019998
8809454982618
5056585803777
3661434023439
4743318105154
4743318105147
4743318105123
4743318105130
4743318105116
4743318105109
4743318105086
4743318105093
4743318105079
4743318105062
5204799011383
5200435700017
3337875922043
3337875920728
3337875920667
3337875920582
3337875930611
769915195927
769915195606
769915235401
769915195958
3540550017495
5200410668530
810170060076
8445290592064
3701436934903
5205152020929
3701436934835
3701436928087
3701436927325
3701436930790
8718951573345
8718951658875
3540550017396
5201279102753
5201279102760
5203069134395
5203069136641
5203069136689
5203069134203
5203069134012
5203069134111
5203069134081
5203069136672
8718951684843
5060926686714
5060926686752
3522930004622
4743318145143
4743318145150
4743318145129
4743318145136
4743318145112
4743318145099
4743318145105
4743318145082
4743318145068
4743318145303
4743318145280
4743318145297
4743318145167
5201279099374
4743318104966
4743318104942
5200398506312
5200309854198
5054563262370
5054563267979
3337875932080
3337875921947
3337875922852
8809933611138
8809933611121
5203069138669
3701436932923
3574661801018
3522930005025
3522931005017
3522930005001
3337875902847
3337875902830
8809933610445
5203069132438
4063528082718
8700216275378
4063528082800
3701436930684
3701436930691
3701436930660
3701436930677
3701436929527
5054563236722
5054563187413
4743318145051
4743318143279
4743318144757
8700216345095
8700216344722
3337875916998
3337875894104
3337875915885
3337875914857
3337875915915
5203069134425
5203069134074
5203069134265
8006530114325
5200116289329
3701436938949
3701436939045
3701436938970
3701436938987
3701436938925
3701436938956
3701436937973
3701436938932
5200116289275
4743318107134
4743318107158
3564300035089
4743318107165
3522930005797
4743318107141
8006530446648
8413224044590
3701436939687
8700216272513
5200116289237
8006530024259
8006530024457
769915236460
3540550020938
3540550020747
3540550014913
3540550020969
4743318106236
3337875945820
3337875945660
3337875945769
3337875940399
3337875945110
3337875932301
3337875932349
3337875940214
3337875947541
3337875908368
3337875934169
3337875945790
3337875945622
3337875944960
3337875940412
3337875932264
3337875940139
3337875940252
5056585806891
5201279102340
3337875903189
3337875903493
3337875930048
5201279108564
3282770399479
5201279102333
3337875943963
3337875930239
8006530040846
8700216932479
5201314196501
3331300003758
3331300003727
5200116289282
5200116289299
5200321016239
769915233490
033984015777
5204559050102
769915196023
3337875957052
3564300034952
6939663977517
